0 0.1015625 0.1703125 0.09296875 0.18359375
0 0.084375 0.36171875 0.02734375 0.1609375
0 0.0390625 0.36171875 0.0359375 0.12578125
0 0.23046875 0.27890625 0.159375 0.22890625
0 0.3453125 0.5890625 0.025 0.1484375
0 0.265625 0.6 0.02421875 0.140625
0 0.5 0.5859375 0.0421875 0.16171875
0 0.55859375 0.6015625 0.0546875 0.2421875
0 0.60859375 0.3625 0.06015625 0.1625
0 0.71328125 0.4203125 0.0828125 0.08984375
0 0.8203125 0.578125 0.03046875 0.08515625
0 0.69296875 0.55078125 0.04296875 0.0390625
0 0.8046875 0.453125 0.02578125 0.0765625
0 0.85703125 0.73046875 0.053125 0.03984375
0 0.7953125 0.70078125 0.040625 0.08359375
0 0.546875 0.2265625 0.0875 0.165625