0 0.2578125 0.74296875 0.040625 0.12265625
0 0.378125 0.7421875 0.0328125 0.12578125
0 0.51171875 0.70078125 0.0421875 0.1546875
0 0.6140625 0.7078125 0.03359375 0.13359375
0 0.6828125 0.73203125 0.03203125 0.1140625
0 0.79140625 0.72265625 0.02890625 0.115625
0 0.8328125 0.5046875 0.0671875 0.10625
1 0.47421875 0.10078125 0.8359375 0.2015625
1 0.7328125 0.328125 0.27421875 0.22421875
1 0.4234375 0.27890625 0.27265625 0.13671875
0 0.19453125 0.4203125 0.17109375 0.3578125
0 0.4375 0.47890625 0.29296875 0.23671875